1. sign better
2. backround image instead of colour
3.link email with contact



paste for diff sign--------------------------------------------------
<svg version="1.0" xmlns="http://www.w3.org/2000/svg"
                                        width="200.0pt" height="200.0pt" viewBox="0 0 2560.000000 1600.000000"
                                        preserveAspectRatio="xMidYMid meet">
                                            <g transform="translate(0.000000,1600.000000) scale(0.1000,-0.1000)"
                                            fill="#fff" stroke="white">
                                            <path id="animate2"
                                            d="M9935 9925 c-115 -71 -226 -156 -311 -240 -41 -41 -69 -88 -147 -245
                                            -90 -183 -192 -442 -223 -570 -21 -84 -28 -244 -15 -349 13 -107 52 -215 111
                                            -311 l39 -64 -26 -46 c-176 -307 -365 -658 -476 -886 -76 -154 -137 -284 -137
                                            -287 0 -4 -55 -123 -123 -265 -68 -141 -129 -270 -136 -286 -6 -16 -15 -25
                                            -20 -20 -4 5 -31 39 -60 76 -70 90 -152 163 -249 221 -119 72 -194 82 -283 36
                                            -112 -56 -233 -289 -274 -528 -22 -122 -19 -324 6 -472 36 -215 108 -391 229
                                            -561 l58 -81 -28 -66 c-65 -152 -170 -504 -170 -567 0 -28 36 -42 56 -22 8 8
                                            26 57 40 109 48 182 147 469 161 469 3 0 28 -21 57 -47 100 -90 229 -164 422
                                            -239 182 -71 258 -85 457 -85 95 0 188 2 207 5 19 3 107 12 195 21 274 29 407
                                            71 739 237 221 110 311 172 437 299 75 75 118 110 145 119 159 53 347 183 443
                                            306 49 64 305 565 340 665 18 53 19 53 26 24 38 -158 74 -239 168 -379 170
                                            -253 312 -321 428 -205 46 46 132 175 178 267 l32 63 35 -69 c42 -85 101 -142
                                            180 -172 48 -20 79 -24 169 -24 101 -1 115 1 166 27 81 39 140 95 222 211 141
                                            198 260 429 352 681 l18 49 22 -79 c27 -97 67 -198 131 -329 62 -126 91 -148
                                            191 -148 114 1 176 32 381 195 64 51 155 120 201 153 74 52 133 110 275 269
                                            l35 40 1 -40 c0 -22 -9 -94 -19 -160 -30 -185 -33 -244 -20 -335 6 -47 12 -96
                                            13 -109 1 -20 -20 -36 -139 -110 -286 -177 -819 -544 -1175 -812 -179 -134
                                            -526 -373 -675 -465 -498 -309 -1237 -794 -1417 -931 -111 -85 -140 -128 -114
                                            -168 9 -14 28 -28 42 -31 46 -12 593 111 939 211 239 69 452 120 770 185 655
                                            134 1111 293 1384 483 160 112 356 348 460 554 91 182 131 327 139 498 5 139
                                            -7 244 -47 409 l-28 116 176 107 c97 59 239 145 316 192 77 47 345 188 595
                                            314 493 249 550 281 550 308 0 23 -10 29 -67 36 -42 5 -55 1 -103 -27 -51 -30
                                            -143 -78 -710 -367 -107 -55 -296 -162 -420 -238 -310 -191 -359 -219 -368
                                            -211 -15 16 -14 290 1 376 17 89 23 147 32 292 5 75 10 93 39 143 75 123 134
                                            492 92 572 -22 44 -73 60 -119 38 -30 -14 -40 -14 -106 0 -159 33 -228 12
                                            -357 -108 -140 -130 -235 -285 -286 -462 -17 -61 -22 -106 -23 -191 0 -104 2
                                            -113 27 -152 43 -64 103 -94 206 -101 l86 -6 -85 -62 c-46 -33 -136 -102 -199
                                            -152 -63 -51 -142 -105 -174 -121 -69 -35 -135 -40 -162 -12 -25 24 -120 230
                                            -154 331 -16 47 -39 134 -51 192 l-22 107 33 158 c29 140 33 183 38 365 4 162
                                            1 232 -13 330 -36 258 -115 575 -165 657 -21 34 -55 48 -94 38 -66 -16 -108
                                            -181 -110 -426 0 -185 8 -245 78 -535 24 -99 63 -269 86 -378 l42 -197 -28
                                            -83 c-15 -45 -28 -84 -30 -86 -2 -3 -14 5 -27 16 -77 71 -187 112 -317 120
                                            -85 5 -103 3 -173 -21 -150 -51 -317 -147 -403 -233 -52 -52 -105 -141 -123
                                            -208 -6 -22 -16 -94 -22 -160 -11 -118 -12 -122 -66 -225 -109 -205 -195 -320
                                            -238 -320 -29 0 -103 49 -145 96 -49 54 -147 205 -174 267 -13 29 -34 90 -47
                                            137 -21 76 -24 104 -23 265 0 99 6 212 12 252 15 87 5 123 -33 123 -42 0 -61
                                            -30 -69 -106 -8 -77 -73 -355 -106 -455 -37 -110 -295 -619 -342 -675 -58 -68
                                            -176 -165 -249 -204 -33 -18 -62 -30 -64 -28 -2 2 17 39 42 83 154 266 189
                                            540 104 831 -32 114 -190 548 -232 642 -40 90 -122 222 -205 332 -95 126 -399
                                            423 -549 537 -66 50 -146 117 -177 150 -56 56 -138 160 -138 173 0 4 26 49 57
                                            101 31 52 98 180 149 286 51 105 131 259 178 341 84 148 302 578 345 682 12
                                            30 47 96 76 145 66 110 75 150 45 188 -36 46 -142 88 -235 94 l-80 5 -110 -67z
                                            m289 -65 c25 -12 46 -24 46 -27 0 -3 -14 -28 -30 -54 -17 -26 -66 -123 -109
                                            -216 -121 -261 -223 -466 -307 -613 -43 -74 -117 -218 -167 -320 -105 -218
                                            -197 -382 -212 -377 -16 5 -74 127 -90 192 -20 79 -20 300 0 397 26 123 123
                                            374 216 558 49 96 97 184 106 195 35 41 239 199 318 247 75 46 83 49 131 44
                                            28 -3 72 -15 98 -26z m3095 -1732 c68 -264 85 -388 86 -598 0 -162 -11 -348
                                            -20 -338 -5 5 -104 429 -131 562 -35 170 -34 418 3 540 5 17 6 17 14 3 5 -9
                                            27 -85 48 -169z m-3833 -115 c56 -75 131 -147 239 -231 152 -119 221 -179 359
                                            -312 178 -173 313 -351 390 -514 47 -98 221 -576 253 -694 23 -85 26 -116 26
                                            -242 0 -123 -4 -159 -26 -242 -27 -102 -84 -225 -165 -355 -47 -77 -47 -77
                                            -107 -91 -84 -20 -389 -19 -521 2 -160 25 -215 47 -368 145 -77 50 -194 118
                                            -260 152 -185 94 -241 136 -367 271 -128 136 -167 174 -254 243 -99 79 -144
                                            126 -138 144 3 9 65 140 138 291 73 151 153 320 177 375 109 246 565 1095 589
                                            1095 3 0 19 -17 35 -37z m5114 -464 c42 -9 50 -14 44 -27 -4 -10 -9 -120 -11
                                            -247 l-5 -230 -33 -50 c-79 -119 -128 -169 -207 -209 -69 -35 -85 -39 -150
                                            -39 -84 0 -138 20 -159 60 -8 16 -14 53 -13 92 3 187 115 417 275 565 101 94
                                            147 109 259 85z m-1615 -748 c36 -8 32 -9 -33 -10 -191 -3 -394 -127 -573
                                            -349 -57 -71 -61 -74 -55 -42 4 19 21 63 38 98 37 78 115 146 249 216 168 89
                                            260 110 374 87z m111 -134 c27 -14 64 -39 81 -56 l33 -30 -49 -110 c-56 -125
                                            -116 -233 -207 -371 -94 -141 -144 -194 -220 -231 -61 -30 -69 -32 -143 -26
                                            -102 8 -152 29 -201 85 -43 49 -80 146 -80 211 0 70 168 299 299 408 63 52
                                            218 136 271 147 59 11 167 -2 216 -27z m-4973 -105 c43 -26 97 -65 120 -87 45
                                            -42 176 -201 184 -222 4 -11 -31 -107 -163 -438 -24 -60 -106 -235 -182 -388
                                            l-140 -278 -45 68 c-127 192 -193 398 -212 658 -18 248 71 562 195 686 73 73
                                            121 73 243 1z m492 -481 c61 -48 172 -154 248 -234 153 -162 184 -184 389
                                            -294 79 -41 198 -111 266 -155 143 -93 206 -120 320 -142 122 -23 352 -39 472
                                            -33 l105 6 -60 -56 c-87 -80 -168 -130 -386 -241 -311 -158 -412 -188 -751
                                            -223 -287 -30 -485 -24 -618 18 -246 78 -437 182 -553 300 l-48 50 153 309
                                            c92 184 192 405 248 547 52 130 97 237 100 237 3 0 55 -40 115 -89z m6033
                                            -126 c74 -322 50 -532 -93 -820 -92 -183 -255 -381 -413 -500 -168 -126 -463
                                            -252 -842 -360 -176 -50 -246 -66 -555 -131 -266 -55 -531 -122 -805 -202
                                            -259 -77 -686 -182 -737 -182 -14 0 78 65 293 205 126 83 331 218 456 300 125
                                            83 296 192 380 244 445 274 706 448 1022 685 468 349 1249 878 1267 858 4 -4
                                            16 -47 27 -97z"/>
                                            </g>
                                        </svg>
Sign2-----------------------------------------------------------------6189
svg width="1023" height="710" viewBox="0 0 1023 710" fill="none" xmlns="http://www.w3.org/2000/svg">
<path d="M1.91266 570.07C18.0967 556.649 24.8612 534.099 32.0728 515.135C36.5797 503.284 46.2655 490.621 54.3338 480.846C63.6222 469.593 71.4054 457.144 80.4546 445.749C88.7414 435.314 98.1237 426.376 106.127 415.589C115.042 403.573 124.477 391.673 134.761 380.672C151.283 362.997 160.115 337.87 175.692 319.543C182.993 310.955 188.077 300.99 194.991 292.256C203.19 281.899 211.708 271.582 218.419 260.211C224.968 249.114 234.716 240.098 240.68 228.435C247.285 215.519 253.319 202.353 260.428 189.657C266.192 179.364 271.34 168.309 278.201 158.779C284.736 149.703 286.48 138.187 292.383 128.978C298.221 119.872 304.509 109.077 307.284 98.6385C310.407 86.8909 318.171 77.208 322.543 65.9651C325.249 59.0069 328.288 50.1031 328.288 42.6269C328.288 35.2954 331.52 29.5126 331.52 21.9816C331.52 17.2541 331.52 12.5266 331.52 7.79911C331.52 1.09916 325.155 2.95195 320.03 2.95195C312.95 2.95195 294.736 -0.435594 290.229 5.82434C284.786 13.3835 279.055 20.4389 276.585 29.7011C275.232 34.7751 271.783 38.9908 270.302 43.4347C268.969 47.4317 270.414 51.7067 268.866 55.7322C265.263 65.0997 262.504 74.9184 258.094 83.738C255.996 87.9338 252.815 93.9708 251.631 98.3692C250.763 101.595 250.734 104.763 250.734 108.064C250.734 112.073 247.762 114.395 247.502 118.027C246.992 125.163 244.271 130.219 244.271 137.954C244.271 145.764 244.271 153.573 244.271 161.382C244.271 171.943 244.814 179.119 248.22 188.85C251.11 197.105 253.825 210.738 260.428 216.586C265.396 220.987 268.059 232.632 273.713 235.257C282.104 239.153 287.535 247.234 294.358 253.299C300.391 258.661 306.633 262.017 308.989 270.264C310.062 274.018 313.991 274.295 315.273 277.714C316.85 281.921 319.014 284.507 322.184 287.678C339.225 304.719 352.949 325.42 363.744 347.011C371.113 361.747 375.916 378.72 382.505 393.956C385.099 399.956 384.482 409.944 386.095 416.576C387.544 422.532 388.07 431.458 388.07 437.581C388.07 452.781 388.07 467.98 388.07 483.18C388.07 491.302 391.497 508.656 385.646 514.507C380.555 519.598 380.409 522.396 372.81 524.112C366.234 525.597 356.589 532.149 351.267 536.14C345.734 540.29 334.744 543.994 327.929 545.475C322.589 546.636 320.855 547.923 316.081 550.861C310.734 554.151 302.033 552.073 296.064 552.387C285.94 552.92 275.634 553.724 265.903 556.246C254.706 559.149 240.804 557.144 229.37 557.144C210.578 557.144 182.296 562.159 165.908 550.591C148.325 538.18 127.528 532.498 111.782 516.751C96.3729 501.342 79.9468 487.168 70.7603 466.754C68.0331 460.693 64.4901 455.342 62.5022 448.981C60.7944 443.516 61.7704 437.5 60.4376 431.836C59.4299 427.553 57.4683 408.056 60.9762 404.548C64.1168 401.408 72.1741 390.725 77.0437 390.725C80.6962 390.725 86.3529 389.823 89.9694 389.019C91.9651 388.576 92.0788 386.304 94.0985 385.967C97.062 385.474 99.8027 386.383 102.446 384.621C109.126 380.168 119.636 386.351 125.426 387.404C136.251 389.372 142.67 397.901 152.175 402.933C175.125 415.083 198.595 426.28 220.394 440.812C231.317 448.094 243.722 456.367 255.581 461.637C272.855 469.315 288.247 482.086 306.027 488.925C312.645 491.47 320.676 499.413 326.313 503.825C332.183 508.419 339.063 510.949 345.343 515.135C356.682 522.695 366.222 526.445 379.632 526.445C388.861 526.445 405.36 529.828 413.921 525.548C424.475 520.271 429.373 497.984 433.31 488.027C439.267 472.96 449.954 459.523 454.225 443.864C457.995 430.039 461.937 415.811 464.368 402.035C465.78 394.035 470.344 386.667 471.728 378.517C472.738 372.57 474.054 366.369 477.024 360.924C479.202 356.931 479.038 347.329 482.5 344.856C482.92 344.556 483.397 360.595 483.397 363.258C483.397 387.843 479.801 415.478 486.27 439.197C489.047 449.38 489.809 458.635 493.989 468.19C495.463 471.558 495.933 478.119 498.747 480.308C502.22 483.009 500.907 488.125 504.761 490.9C513.195 496.972 520.863 500.594 531.151 500.594C542.038 500.594 556.147 504.078 561.311 493.233C563.634 488.355 567.407 483.261 571.005 479.23C575.014 474.741 577.697 461.431 578.725 455.264C581.755 437.086 587.846 419.95 591.292 402.035C594.139 387.226 601.722 375.382 608.616 362.36C613.678 352.798 625.003 348.666 632.403 342.612C634.341 341.027 641.691 339.022 644.251 339.022C652.519 339.022 658.494 339.94 663.371 347.819C666.113 352.248 670.821 355.397 670.821 360.834C670.821 366.691 668.982 359.02 667.949 356.436C664.41 347.59 654.792 338.27 644.251 343.061C635.643 346.974 624.298 341.478 617.502 349.973C614.51 353.713 609.33 352.827 607.449 358.051C605.308 363.999 601.23 369.1 599.909 375.376C597.877 385.024 598.38 397.036 598.114 406.882C597.94 413.287 593.503 418.633 593.266 425.014C593.187 427.157 593.431 429.339 593.266 431.477C593.05 434.285 590.222 435.321 590.035 437.94C589.275 448.576 586.417 470.955 592.369 480.308C597.733 488.737 600.772 502.884 613.014 503.825C617.828 504.196 620.573 507.057 625.94 507.057C630.895 507.057 635.048 507.587 639.314 504.633C646.757 499.48 651.755 499.768 656.19 490.9C660.375 482.529 666.682 475.32 672.437 467.92C688.997 446.628 692.282 419.966 701.43 395.572C722.416 339.609 722.524 278.629 722.524 219.728C722.524 197.018 722.524 174.308 722.524 151.598C722.524 139.211 722.524 126.824 722.524 114.437C722.524 107.985 724.027 99.0253 722.344 92.7142C719.698 82.7902 709.15 77.4077 699.545 80.8656C692.86 83.2722 694.179 91.542 691.825 96.6637C688.622 103.635 683.747 114.19 683.747 121.797C683.747 139.562 680.515 156.349 680.515 174.218C680.515 189.867 680.515 205.515 680.515 221.164C680.515 257.248 680.515 293.333 680.515 329.417C680.515 361.821 680.515 394.226 680.515 426.63C680.515 441.653 678.657 459.42 689.132 471.152C691.358 473.644 691.184 477.925 693.441 480.846C696.267 484.503 699.875 487.639 703.135 490.9C707.859 495.623 711.425 500.594 718.485 500.594C723.552 500.594 729.68 501.914 733.026 497.452C737.264 491.802 742.334 486.946 745.503 480.487C751.429 468.408 755.478 458.207 758.07 444.941C760.276 433.65 760.178 422.583 763.725 411.55C770.071 391.807 776.536 372.248 784.639 353.204C790.321 339.852 803.191 320.889 818.659 319.543C823.014 319.165 842.444 314.59 846.575 318.376C853.662 324.872 851.782 356.354 851.782 346.741C851.782 334.847 855.085 318.412 838.497 318.017C832.788 317.882 829.525 314.786 823.955 314.786C817.642 314.786 811.329 314.786 805.016 314.786C794.299 314.786 783.578 327.033 779.074 335.79C776.058 341.655 774.594 345.534 774.227 351.948C773.847 358.607 769.166 365.574 767.764 372.234C766.203 379.649 762.917 385.747 762.917 393.328C762.917 400.606 763.089 410.764 760.583 417.654C755.294 432.198 759.686 447.035 759.686 461.906C759.686 473.913 771.213 493.106 782.934 497.183C795.269 501.473 807.163 500.594 820.724 500.594C838.712 500.594 843.111 468.82 848.46 455.892C852.955 445.029 851.549 431.982 854.115 420.616C855.198 415.822 855.013 410.953 855.013 406.074C855.013 401.017 857.988 397.209 858.245 392.341C858.977 378.428 858.245 364.275 858.245 350.332C858.245 345.245 858.245 340.159 858.245 335.072C858.245 323.455 856.629 334.148 856.629 340.099C856.629 373.277 850.597 405.525 844.96 437.94C841.862 455.754 843.703 475.251 843.703 493.323C843.703 501.897 848.835 506.602 850.256 514.417C851.373 520.563 851.053 526.747 852.141 532.908C857.403 562.725 853.397 592.917 853.397 623.03C853.397 629.653 853.428 638.122 850.166 644.034C847.253 649.313 849.996 655.283 847.653 660.64C846.417 663.463 846.387 673.591 844.511 675.092C843.831 675.635 838.929 687.395 838.856 688.377C838.052 699.225 815.127 707.406 805.734 707.406C790.921 707.406 774.241 709.487 759.865 705.79C739.769 700.623 719.911 694.409 699.724 689.633C687.164 686.662 672.755 683.096 661.127 677.605C647.292 671.072 627.516 671.372 612.475 669.257C596.714 667.041 580.694 661.919 565.44 657.319C535.158 648.186 505.699 640.717 474.062 637.122C461.442 635.688 448.984 632.502 436.631 630.031C428.079 628.321 417.948 630.417 409.613 627.518C400.435 624.325 391.114 625.362 381.607 623.748C370.515 621.864 371.928 618.385 382.505 616.926C391.253 615.719 397.585 612.079 406.651 612.079C420.624 612.079 434.013 607.941 447.852 607.231C457.568 606.733 467.578 602.924 477.653 602.384C488.886 601.783 500.418 598.812 511.672 597.627C531.606 595.529 550.566 590.595 570.646 589.458C582.466 588.789 594.921 585.615 606.91 584.252C628.804 581.764 650.91 579.247 672.885 578.059C682.098 577.561 690.402 574.407 699.276 572.404C714.056 569.066 727.674 566.503 742.631 564.864C756.018 563.397 768.124 558.893 781.049 555.887C789.273 553.975 796.686 549.101 805.016 547.54C817.353 545.226 829.733 544.107 842.087 541.705C856.456 538.911 869.301 534.015 883.378 530.395C915.1 522.238 946.565 515.887 977.808 506.698C986.442 504.158 994.753 501.351 1003.66 498.17C1010.61 495.687 1013.64 487.668 1021.43 487.668" stroke="black" stroke-width="3" stroke-linecap="round"/>
</svg>
Sign3------------------------------------------------------------------1171
<svg id="sign" height=150 width=150 viewBox="0 0 250 160" fill="none" xmlns="http://www.w3.org/2000/svg">
                                           <path 
                                            id="animate2"
                                            d="M2 120C8.17421 109.452 12.8375 100.665 16.5 88.9444C18.274 83.2677 19.7981 78.141 21.2222 72.4444C22.8069 66.1058 24.2147 58.3428 27 52.4444C29.7436 46.6344 27.5434 40.2612 30 34.6111C32.5339 28.7831 31 20.4139 31 14.0556C31 10.7966 32.4272 3.9358 29 2.22222C26.2675 0.855976 20.111 2 17.2222 2C13.4554 2 12 2.80353 12 7.05556C12 12.5185 12 17.9815 12 23.4444C12 28.2276 16.0489 33.1655 19 36.4444C20.7714 38.4126 23.9547 42.8018 24.9444 45.1111C26.0759 47.7512 28.0759 49.103 29.2222 51.7778C31.8918 58.0068 38.7684 63.0754 41.0556 69.5556C41.9145 71.9892 44.9748 75.275 46.7778 77.2222C49.2091 79.848 49.2417 83.1733 50.5 86.3889C53.0255 92.8429 60.7244 111.582 51 116.444C42.3749 120.757 30.4799 119.263 21 119C8.41249 118.65 8 105.684 8 96.5C8 90.6276 13.3013 85.2078 20 88.2222C22.7362 89.4535 23.9902 91.7991 24.7778 94.5556C25.5448 97.2402 28.0845 98.4661 29.0556 101.056C31.3058 107.056 38.0478 107.785 43.1111 110C46.1892 111.347 56.2654 114.975 60 112.778C61.9074 111.656 64.4844 104.57 64.9444 102.5C65.859 98.3845 67.7887 94.6219 68.7778 90.5556C68.9834 89.7102 69 84.3633 69 87.8889C69 91.4867 67.9788 97.0656 69.5556 100.444C72.1636 106.033 76.3519 107 82.0556 107C90.3037 107 97.6217 100.823 101 93.2222C102.372 90.1348 106 84.7555 106 90.7778C106 92.1645 106.209 87.187 104.889 86.0556C103.337 84.7257 100.787 84 98.7778 84C90.8589 84 89 91.0644 89 97.7778C89 102.15 90.904 110.917 96.5556 111.944C105.216 113.519 106.766 106.857 108.556 99.4444C112.974 81.1401 113 63.1953 113 44.4444C113 40.5064 107.376 37.4045 105.611 42.1111C101.914 51.9707 102 62.0637 102 72.4444C102 78.4304 102.521 87.2926 106.556 92C110.026 96.0492 109.405 101.432 115.222 103.222C122.256 105.387 125.098 101.553 129.389 96C132.823 91.5554 134.434 86.122 138.444 82C140.159 80.238 143.009 75.6092 145.5 75.0556C147.353 74.6437 148.281 80.3344 143.222 78.7778C140.124 77.8245 134.511 77.0839 131.222 78.2222C127.214 79.6097 129 89.6045 129 92.9444C129 98.5394 130.288 100 136 100C138.754 100 142.551 100.824 144.444 98.3889C147.06 95.0265 146 87.0801 146 82.9444C146 77.682 146 74.0095 146 82C146 90.1111 146 98.2222 146 106.333C146 119.446 147 132.653 147 145.556C147 149.637 139.821 148.105 136.778 148C133.796 147.897 130.628 146.707 127.944 145.5C122.203 142.916 117.333 142 111 142C105.825 142 101.111 140.745 96 140.222C89.5277 139.56 83.0267 140.33 76.5556 139.5C67.643 138.357 58.423 139 49.4444 139C43.3025 139 37.2371 140 31.2222 140C26.8935 140 39.1668 140.064 40.7778 139.778C64.3094 135.594 88.1672 134.133 111.611 129.444C123.343 127.098 134.469 126.439 146 123C153.096 120.884 162.309 120.834 168.778 117C174.046 113.878 181.25 113.356 186.778 110C190.715 107.61 195.169 107.065 199 104" stroke="white" stroke-width="3" stroke-linecap="round"/>
                                         </svg>